8.00e-01 2.51e+00
9.00e-01 1.88e+00
9.00e-01 0.00e+00
9.00e-01 -1.26e+00
9.00e-01 6.28e-01
9.00e-01 6.28e-01
9.00e-01 6.28e-01
9.00e-01 6.28e-01
9.00e-01 1.88e+00
9.00e-01 -1.26e+00
9.00e-01 1.88e+00
9.00e-01 -6.28e-01
9.00e-01 1.88e+00
9.00e-01 -1.26e+00
9.00e-01 0.00e+00
9.00e-01 0.00e+00
9.00e-01 -6.28e-01
9.00e-01 1.26e+00
9.00e-01 1.26e+00
9.00e-01 0.00e+00
9.00e-01 1.88e+00
9.00e-01 0.00e+00
9.00e-01 -6.28e-01
9.00e-01 1.88e+00
9.00e-01 -6.28e-01
9.00e-01 1.26e+00
9.00e-01 1.26e+00
9.00e-01 1.26e+00
9.00e-01 1.26e+00
