6.67e-01 1.05e+00
0.00e+00 -3.14e+00
0.00e+00 -3.14e+00
6.67e-01 -3.14e+00
6.67e-01 -1.05e+00
6.67e-01 -3.14e+00
6.67e-01 1.05e+00
6.67e-01 -1.05e+00
6.67e-01 -1.05e+00
6.67e-01 -1.05e+00
6.67e-01 1.05e+00
6.67e-01 -1.05e+00
6.67e-01 -1.05e+00
6.67e-01 -1.05e+00
6.67e-01 -1.05e+00
6.67e-01 -1.05e+00
6.67e-01 -1.05e+00
6.67e-01 -1.05e+00
6.67e-01 -1.05e+00
6.67e-01 -1.05e+00
6.67e-01 -1.05e+00
6.67e-01 -1.05e+00
6.67e-01 -1.05e+00
6.67e-01 -1.05e+00
6.67e-01 -3.14e+00
6.67e-01 1.05e+00
6.67e-01 -3.14e+00
6.67e-01 1.05e+00
6.67e-01 -3.14e+00
6.67e-01 1.05e+00
6.67e-01 -1.05e+00
6.67e-01 -3.14e+00
6.67e-01 1.05e+00
6.67e-01 -3.14e+00
6.67e-01 1.05e+00
6.67e-01 -3.14e+00
6.67e-01 1.05e+00
6.67e-01 -3.14e+00
6.67e-01 1.05e+00
6.67e-01 -3.14e+00
